47130585,100.0
67012377,100.0
116457872,100.0
60796240,100.0
85440342,100.0
80839016,100.0
261769385,100.0
130572106,100.0
60725935,100.0
73863758,100.0
30002878,100.0
59319122,100.0
74330628,100.0
33363172,100.0
34746078,100.0
8727726,100.0
92431168,100.0
1219489,100.0
57813997,100.0
108958671,100.0
49797145,100.0
65471078,100.0
51425858,100.0
61415983,100.0
61110431,100.0
40248616,100.0
96051435,100.0
521989,100.0
45412180,100.0
1411410,100.0
63384888,100.0
40093239,100.0
101383327,100.0
121404247,100.0
34616693,100.0
119356269,100.0
58070251,100.0
104569034,100.0
31306592,100.0
59826637,100.0
74813946,100.0
7337979,100.0
72251693,100.0
49551087,100.0
1338094,100.0
56059497,100.0
95391815,100.0
49526516,100.0
79189512,100.0
11266433,100.0
204967,100.0
78126,100.0
56417680,100.0
89550552,100.0
124237513,100.0
80864222,100.0
14046254,100.0
95496648,100.0
465435,100.0
19096629,100.0
11809295,100.0
118153911,100.0
295343337,100.0
108216630,100.0
63930247,100.0
56814294,100.0
249080103,100.0
2124186,100.0
93070658,100.0
41785099,100.0
132238397,100.0
81700426,100.0
63370451,100.0
74029445,100.0
58026386,100.0
100001385,100.0
52680910,100.0
109031655,100.0
133571429,100.0
37900027,100.0
51341761,100.0
108475576,100.0
76461222,100.0
91843978,100.0
76042533,100.0
88373737,100.0
76064186,100.0
120089021,100.0
1059692,100.0
132790797,100.0
70096863,100.0
33124198,100.0
55440835,100.0
266382765,100.0
64289804,100.0
31100461,100.0
65742993,100.0
125144931,100.0
278833618,100.0
69189353,100.0
58798470,100.0
15364543,100.0
282192416,100.0
17889209,100.0
40660617,100.0
3140140,100.0
39250841,100.0
9517669,100.0
78878865,100.0
31199688,100.0
65605929,100.0
62134671,100.0
126060933,100.0
26477086,100.0
53293909,100.0
50197382,100.0
48157636,100.0
32689937,100.0
19510544,100.0
40443066,100.0
75406056,100.0
125616314,100.0
29295730,100.0
116491594,100.0
49790463,100.0
253674461,100.0
64940996,100.0
50562262,100.0
76212947,100.0
38799825,100.0
72274900,100.0
75020059,100.0
33938858,100.0
87307747,100.0
80408239,100.0
73801750,100.0
48957276,100.0
113395838,100.0
105650802,100.0
121321954,100.0
96284887,100.0
125532352,100.0
46638189,100.0
35385818,100.0
88874804,100.0
17973880,100.0
59351182,100.0
48730798,100.0
1183627,100.0
41998801,100.0
64708027,100.0
41542232,100.0
87007348,100.0
41775604,100.0
122869652,100.0
37366087,100.0
102496725,100.0
62241848,100.0
135984345,100.0
19862489,100.0
55846825,100.0
64340217,100.0
91569832,100.0
3540068,100.0
61786469,100.0
36032873,100.0
2243149,100.0
30592507,100.0
41960185,100.0
118803,100.0
11823236,100.0
53462680,100.0
41790072,100.0
16810115,100.0
56844770,100.0
86974364,100.0
1805209,100.0
7509376,100.0
86653000,100.0
52361330,100.0
44154107,100.0
41811113,100.0
15339669,100.0
18095487,100.0
276911222,100.0
1646058,100.0
60728308,100.0
107426183,100.0
81725190,100.0
111250498,100.0
63818199,100.0
9897500,100.0
104896566,100.0
18560071,100.0
58423463,100.0
61481150,100.0
109043713,100.0
66026058,100.0
95280201,100.0
39858535,100.0
104618898,100.0
52656515,100.0
31116191,100.0
17372498,100.0
3826117,100.0
91980186,100.0
39905644,100.0
71151191,100.0
30568796,100.0
62343517,100.0
17429038,100.0
3366248,100.0
81807104,100.0
9500629,100.0
41312510,100.0
1691647,100.0
63744352,100.0
581906,100.0
16023237,100.0
44247060,100.0
68000082,100.0
180052,100.0
46951915,100.0
33459701,100.0
61533263,100.0
38350201,100.0
81065820,100.0
29624154,100.0
6190643,100.0
79251687,100.0
115180307,100.0
39399050,100.0
54488961,100.0
59631709,100.0
1188298,100.0
18588671,100.0
52966761,100.0
80628764,100.0
81061733,100.0
114084339,100.0
103653005,100.0
17657882,100.0
77803100,100.0
89841746,100.0
33746020,100.0
71191432,100.0
84828878,100.0
30630484,100.0
45963423,100.0
11173956,100.0
50463157,100.0
102949148,100.0
102077466,100.0
68923981,100.0
55442643,100.0
2546333,100.0
50007598,100.0
69670047,100.0
53196149,100.0
2755480,100.0
110879437,100.0
20250705,100.0
121515699,100.0
33986297,100.0
41419510,100.0
6773363,100.0
80597913,100.0
37234909,100.0
105478742,100.0
32480454,100.0
81512003,100.0
53810223,100.0
6844188,100.0
75431435,100.0
106779719,100.0
267996130,100.0
81639484,100.0
46556471,100.0
54337349,100.0
5999880,100.0
116780517,100.0
73794227,100.0
15780123,100.0
98982129,100.0
72937714,100.0
55106753,100.0
75343990,100.0
72122999,100.0
2227941,100.0
57379125,100.0
40564685,100.0
18600634,100.0
95075096,100.0
7528615,100.0
71024378,100.0
89593812,100.0
31744227,100.0
39279315,100.0
62616172,100.0
33330957,100.0
77715510,100.0
82697157,100.0
31359673,100.0
116331482,100.0
55769407,100.0
38622895,100.0
1916362,100.0
979435,100.0
82697250,100.0
41656732,100.0
75335690,100.0
50127342,100.0
89084998,100.0
20230647,100.0
44102503,100.0
89546818,100.0
14014256,100.0
38285686,100.0
33832544,100.0
19787526,100.0
38895233,100.0
49578311,100.0
45444117,100.0
41630482,100.0
3702488,100.0
63906054,100.0
79349903,100.0
82902517,100.0
74017743,100.0
40345414,100.0
48721824,100.0
59448700,100.0
136581619,100.0
67519428,100.0
47179553,100.0
2303264,100.0
30158394,100.0
52233336,100.0
66399850,100.0
69406668,100.0
34564150,100.0
108496908,100.0
47381840,100.0
3577390,100.0
46184234,100.0
38590206,100.0
112363015,100.0
50624952,100.0
11719092,100.0
42787630,100.0
48948039,100.0
100713194,100.0
257284471,100.0
112983451,100.0
30602627,100.0
44332678,100.0
91857581,100.0
97353441,100.0
18569954,100.0
130976967,100.0
42266376,100.0
50845930,100.0
79603674,100.0
15915569,100.0
2360304,100.0
112632814,100.0
60090,100.0
95759827,100.0
65623283,100.0
78610507,100.0
11853446,100.0
53908681,100.0
83835988,100.0
14146753,100.0
98842493,100.0
55145134,100.0
93810368,100.0
45286598,100.0
112558695,100.0
42581180,100.0
58501,100.0
5564883,100.0
51199272,100.0
33928212,100.0
86244300,100.0
16047119,100.0
31431690,100.0
35653197,100.0
8714614,100.0
52311353,100.0
100275952,100.0
16857203,100.0
70218416,100.0
67778747,100.0
58153350,100.0
94462917,100.0
17949062,100.0
53857932,100.0
45834552,100.0
85656335,100.0
50106272,100.0
2840853,100.0
18231663,100.0
134293144,100.0
62517807,100.0
60859580,100.0
67249755,100.0
41565354,100.0
57162174,100.0
61067673,100.0
68435169,100.0
41718895,100.0
56150119,100.0
92554670,100.0
30079195,100.0
3612023,100.0
101032657,100.0
16910945,100.0
100852985,100.0
100872808,100.0
81664257,100.0
97325317,100.0
55042674,100.0
84469480,100.0
51272604,100.0
57225662,100.0
72737974,100.0
70997266,100.0
303456031,100.0
95983423,100.0
67181189,100.0
31488775,100.0
3565913,100.0
86472256,100.0
112945022,100.0
43104109,100.0
62267229,100.0
27392604,100.0
91797846,100.0
101531585,100.0
84498852,100.0
3851196,100.0
3484291,100.0
34924120,100.0
74904466,100.0
57595237,100.0
15269036,100.0
54923730,100.0
106160549,100.0
70595522,100.0
54796846,100.0
52640772,100.0
107316877,100.0
68314064,100.0
112637238,100.0
53879765,100.0
61166740,100.0
59475344,100.0
279642967,100.0
117951157,100.0
1157657,100.0
61311134,100.0
61555979,100.0
41851154,100.0
119167841,100.0
50930436,100.0
40460857,100.0
116752217,100.0
35652145,100.0
87230213,100.0
31223326,100.0
256880726,100.0
76343249,100.0
63707306,100.0
103331184,100.0
40107010,100.0
19815526,100.0
3053767,100.0
851919,100.0
9383363,100.0
81776841,100.0
37941775,100.0
45026564,100.0
33146874,100.0
80327152,100.0
46878857,100.0
100570421,100.0
88199146,100.0
84826591,100.0
52571317,100.0
75675153,100.0
65173600,100.0
58309991,100.0
98741813,100.0
20235692,100.0
53081858,100.0
58862890,100.0
8035752,100.0
77955632,100.0
34618397,100.0
34864734,100.0
70168600,100.0
37013738,100.0
1421078,100.0
93195299,100.0
36769104,100.0
62384938,100.0
87318007,100.0
251689604,100.0
79028042,100.0
82711654,100.0
57485623,100.0
51829614,100.0
11899608,100.0
46584242,100.0
122961629,100.0
2128182,100.0
3384979,100.0
20364578,100.0
5357189,100.0
24980603,100.0
86270705,100.0
35833269,100.0
74198470,100.0
70589732,100.0
63447976,100.0
111268668,100.0
18677313,100.0
46856277,100.0
50738362,100.0
88861071,100.0
214313,100.0
30747329,100.0
53609726,100.0
34718059,100.0
38356871,100.0
2630830,100.0
82847444,100.0
9365308,100.0
1267243,100.0
7239438,100.0
116225987,100.0
45098420,100.0
28451811,100.0
38838219,100.0
65263916,100.0
63677887,100.0
8755199,100.0
78215212,100.0
9032725,100.0
46491473,100.0
68283544,100.0
95534108,100.0
91843883,100.0
116998920,100.0
35682187,100.0
80565562,100.0
116755640,100.0
97169191,100.0
39184297,100.0
51799787,100.0
65381607,100.0
8556618,100.0
85803483,100.0
98456107,100.0
55963510,100.0
31285290,100.0
16796044,100.0
82605072,100.0
2752421,100.0
2562826,100.0
9599525,100.0
99757201,100.0
3845588,100.0
48308677,100.0
45911536,100.0
54793246,100.0
46384879,100.0
41924367,100.0
9870162,100.0
32263228,100.0
102767303,100.0
993966,100.0
87597508,100.0
61060131,100.0
60860331,100.0
70084665,100.0
96545062,100.0
124054742,100.0
3602716,100.0
1412766,100.0
79414842,100.0
108485732,100.0
9293312,100.0
77931282,100.0
52533140,100.0
9056584,100.0
8905378,100.0
259036406,100.0
61661447,100.0
1794235,100.0
47567125,100.0
67112432,100.0
51425433,100.0
95120827,100.0
3654871,100.0
65524617,100.0
61136921,100.0
39190797,100.0
9744204,100.0
91819599,100.0
99606109,100.0
7177286,100.0
45780529,100.0
614704,100.0
37042383,100.0
59891611,100.0
30584272,100.0
8707937,100.0
32394412,100.0
279137,100.0
80196942,100.0
134498061,100.0
117086600,100.0
60945233,100.0
46445364,100.0
100363153,100.0
37444925,100.0
64601849,100.0
89333025,100.0
50567995,100.0
6439999,100.0
34511326,100.0
252797634,100.0
41582358,100.0
41848076,100.0
53236500,100.0
46929884,100.0
63808094,100.0
78353602,100.0
60377014,100.0
84418177,100.0
14262779,100.0
267001444,100.0
104599614,100.0
23838463,100.0
57338930,100.0
92672974,100.0
61015315,100.0
77076137,100.0
31445938,100.0
35772704,100.0
93561513,100.0
32880317,100.0
291685538,100.0
55173537,100.0
30457173,100.0
56666450,100.0
32268482,100.0
70093574,100.0
80132227,100.0
16721079,100.0
6637777,100.0
19429652,100.0
8914305,100.0
106395336,100.0
22207368,100.0
254128648,100.0
9967846,100.0
58752143,100.0
51758543,100.0
73386975,100.0
90677912,100.0
37458428,100.0
58880142,100.0
108982975,100.0
30649000,100.0
71426223,100.0
16165592,100.0
9347791,100.0
34635026,100.0
107730697,100.0
126220377,100.0
73609016,100.0
51871240,100.0
52498821,100.0
61383180,100.0
5869205,100.0
7529496,100.0
68349650,100.0
17920552,100.0
88502370,100.0
133649108,100.0
9755297,100.0
129189718,100.0
18280037,100.0
69347022,100.0
55157000,100.0
10030789,100.0
104303417,100.0
82659258,100.0
96529884,100.0
64581175,100.0
1269082,100.0
37293690,100.0
89961337,100.0
24750392,100.0
6493816,100.0
72838674,100.0
51042232,100.0
7454411,100.0
34989822,100.0
263221976,100.0
102954095,100.0
58990788,100.0
56886196,100.0
87520886,100.0
7632102,100.0
79839104,100.0
119022032,100.0
80407440,100.0
18696676,100.0
19786080,100.0
281172027,100.0
10349544,100.0
19337185,100.0
48637841,100.0
33708590,100.0
71884208,100.0
66559241,100.0
33831766,100.0
15230716,100.0
55222837,100.0
18877515,100.0
103389306,100.0
105477205,100.0
96510358,100.0
111871486,100.0
42635067,100.0
58142417,100.0
109080815,100.0
18842884,100.0
92012645,100.0
17808294,100.0
69129454,100.0
105511897,100.0
46820415,100.0
106109917,100.0
37941945,100.0
251721932,100.0
82668669,100.0
12235220,100.0
56834461,100.0
84161940,100.0
78849967,100.0
340744,100.0
94015765,100.0
94767583,100.0
42184981,100.0
69386995,100.0
67176443,100.0
122017656,100.0
40747000,100.0
102953259,100.0
44609949,100.0
67312159,100.0
55548088,100.0
93585612,100.0
112097498,100.0
60379971,100.0
61369662,100.0
105598718,100.0
50010336,100.0
16157300,100.0
275480920,100.0
67766366,100.0
75051,100.0
45250459,100.0
86705430,100.0
130051196,100.0
81600346,100.0
6424287,100.0
136003506,100.0
57108835,100.0
62085271,100.0
2932885,100.0
113940483,100.0
9555623,100.0
246625808,100.0
39251379,100.0
55738530,100.0
63908135,100.0
246475759,100.0
45580976,100.0
50562159,100.0
821243,100.0
119777093,100.0
278686503,100.0
50500143,100.0
88041754,100.0
40837869,100.0
56981149,100.0
40430682,100.0
134477472,100.0
11813012,100.0
77164847,100.0
35853190,100.0
2045994,100.0
49968080,100.0
541686,100.0
105866147,100.0
265734584,100.0
113005874,100.0
74718572,100.0
56574416,100.0
61853996,100.0
61869419,100.0
99750489,100.0
122969642,100.0
7436624,100.0
86255524,100.0
676066,100.0
58057727,100.0
78512249,100.0
41453036,100.0
61144719,100.0
38262318,100.0
29923269,100.0
47927144,100.0
3884665,100.0
42561685,100.0
3704863,100.0
59295138,100.0
16697374,100.0
29788641,100.0
121027284,100.0
117144726,100.0
78290727,100.0
31906175,100.0
263950063,100.0
41321840,100.0
102039,100.0
63456697,100.0
5639140,100.0
16343088,100.0
39916135,100.0
85642146,100.0
3807364,100.0
48516288,100.0
58044020,100.0
83144142,100.0
73203084,100.0
130576478,100.0
41007963,100.0
40020413,100.0
81546153,100.0
78804013,100.0
34412142,100.0
108026838,100.0
117466027,100.0
38877139,100.0
45247775,100.0
461454,100.0
18115072,100.0
91169025,100.0
76094234,100.0
46850580,100.0
260806388,100.0
45110007,100.0
2457201,100.0
65121867,100.0
13139592,100.0
30486585,100.0
31483633,100.0
246423253,100.0
17728099,100.0
10064606,100.0
18660087,100.0
104787863,100.0
90758958,100.0
79318044,100.0
14281785,100.0
67813467,100.0
273860839,100.0
88381625,100.0
50632699,100.0
37015002,100.0
40111846,100.0
2180311,100.0
275537476,100.0
88481666,100.0
9730872,100.0
251204074,100.0
53738377,100.0
31230002,100.0
2988623,100.0
132017580,100.0
3708741,100.0
37991390,100.0
114037775,100.0
121808155,100.0
35153740,100.0
62812058,100.0
85242958,100.0
107275921,100.0
85028993,100.0
75098283,100.0
36369301,100.0
98584227,100.0
81469046,100.0
257897485,100.0
74259175,100.0
114586240,100.0
136387042,100.0
40117661,100.0
117791881,100.0
88877323,100.0
13832744,100.0
98788261,100.0
132093175,100.0
115954954,100.0
72530183,100.0
2595345,100.0
104158177,100.0
106591560,100.0
15987089,100.0
44231360,100.0
117903519,100.0
73039482,100.0
58358995,100.0
36291500,100.0
48200023,100.0
46563044,100.0
45334624,100.0
123689047,100.0
58284699,100.0
67616220,100.0
113102810,100.0
27026167,100.0
2193419,100.0
64291907,100.0
152218,100.0
30659248,100.0
3837409,100.0
41254568,100.0
49702655,100.0
82793216,100.0
98237366,100.0
25519663,100.0
64221251,100.0
33396872,100.0
81003385,100.0
50897085,100.0
48658757,100.0
77027863,100.0
104528441,100.0
6306697,100.0
34364792,100.0
118959969,100.0
68603355,100.0
2712981,100.0
44248489,100.0
53262562,100.0
57910107,100.0
74349620,100.0
38823747,100.0
66322760,100.0
17572729,100.0
88884393,100.0
47240000,100.0
58035241,100.0
74313533,100.0
65146421,100.0
55594456,100.0
49466354,100.0
122866641,100.0
34525002,100.0
37504794,100.0
99406916,100.0
112071424,100.0
46387493,100.0
73653623,100.0
34526965,100.0
129440316,100.0
48427544,100.0
31559660,100.0
41238044,100.0
2453958,100.0
130923708,100.0
96276963,100.0
68906801,100.0
10155201,100.0
74900465,100.0
16554203,100.0
715413,100.0
9033829,100.0
47807880,100.0
1721533,100.0
3409035,100.0
62180849,100.0
52070302,100.0
44217021,100.0
88531996,100.0
662405,100.0
126493955,100.0
109400463,100.0
5793019,100.0
106223785,100.0
72067629,100.0
49634394,100.0
19259209,100.0
104390689,100.0
64592558,100.0
34861349,100.0
117235261,100.0
44992834,100.0
52182170,100.0
40056285,100.0
42377474,100.0
35838506,100.0
62378264,100.0
108179638,100.0
99242400,100.0
40356914,100.0
19532296,100.0
41737406,100.0
68643393,100.0
55629456,100.0
52031099,100.0
45131276,100.0
10334870,100.0
30686647,100.0
113844972,100.0
59750840,100.0
103636806,100.0
55646200,100.0
70853592,100.0
85962000,100.0
61650520,100.0
17240547,100.0
277179115,100.0
33890616,100.0
108961128,100.0
70970757,100.0
80344994,100.0
31906721,100.0
71164745,100.0
52084945,100.0
101804271,100.0
19026234,100.0
18546961,100.0
16118355,100.0
67867216,100.0
87520803,100.0
34525061,100.0
113166484,100.0
65480727,100.0
5600256,100.0
1620853,100.0
112191735,100.0
17752114,100.0
3585432,100.0
19333139,100.0
35756667,100.0
113080158,100.0
33739378,100.0
35400248,100.0
55247786,100.0
122519477,100.0
48406898,100.0
84107848,100.0
8808108,100.0
88556315,100.0
66760662,100.0
35424341,100.0
59230778,100.0
33790872,100.0
44608097,100.0
99234,100.0
8992269,100.0
59282727,100.0
34636708,100.0
42768899,100.0
50985604,100.0
67858849,100.0
18016138,100.0
90716012,100.0
77863061,100.0
134059452,100.0
45470456,100.0
19451486,100.0
108707696,100.0
87930047,100.0
104970500,100.0
9139137,100.0
6345082,100.0
90003643,100.0
16735667,100.0
9351185,100.0
32116572,100.0
78396256,100.0
23514852,100.0
2075079,100.0
41397946,100.0
32657245,100.0
41551376,100.0
118943611,100.0
98907683,100.0
63492348,100.0
46432067,100.0
105245705,100.0
2967121,100.0
2220080,100.0
73379728,100.0
41740686,100.0
44482708,100.0
250774470,100.0
59750624,100.0
39180287,100.0
74270478,100.0
73091832,100.0
20033174,100.0
70095266,100.0
73031267,100.0
63281467,100.0
96863007,100.0
72417310,100.0
54379781,100.0
280351435,100.0
108297462,100.0
120246464,100.0
57338124,100.0
83956796,100.0
36897899,100.0
84226777,100.0
105116258,100.0
65233388,100.0
51711143,100.0
42636844,100.0
12472198,100.0
77485789,100.0
54002011,100.0
6449259,100.0
17552966,100.0
62910940,100.0
63818147,100.0
95606534,100.0
3205330,100.0
44095795,100.0
7861251,100.0
81371578,100.0
16202218,100.0
93210596,100.0
18739244,100.0
51407478,100.0
39765454,100.0
61569951,100.0
31443757,100.0
93680440,100.0
40100988,100.0
53941368,100.0
45741104,100.0
103153742,100.0
26123272,100.0
71612707,100.0
284354272,100.0
12650195,100.0
675369,100.0
246080062,100.0
56456492,100.0
48708967,100.0
66344755,100.0
64866138,100.0
6300807,100.0
79393101,100.0
76195765,100.0
32718546,100.0
62452924,100.0
132770778,100.0
71423623,100.0
31987096,100.0
42849883,100.0
112777843,100.0
56096159,100.0
74238,100.0
255965032,100.0
7387565,100.0
42086728,100.0
97485358,100.0
180532,100.0
109529717,100.0
64859156,100.0
49207104,100.0
65955561,100.0
49470518,100.0
92598437,100.0
60031866,100.0
7339952,100.0
264782041,100.0
62557995,100.0
113203171,100.0
60889583,100.0
59728201,100.0
17973213,100.0
123130151,100.0
120372323,100.0
77209024,100.0
7443712,100.0
135320796,100.0
89079708,100.0
32887187,100.0
61157094,100.0
98076280,100.0
96679440,100.0
253864147,100.0
33279712,100.0
60497626,100.0
44746144,100.0
34479500,100.0
64861727,100.0
34809551,100.0
88134081,100.0
88592200,100.0
113965397,100.0
64082159,100.0
135375400,100.0
70446012,100.0
12703280,100.0
40643261,100.0
71136777,100.0
38231571,100.0
100100575,100.0
3795294,100.0
81807464,100.0
16653123,100.0
40251553,100.0
53157615,100.0
2911283,100.0
104253300,100.0
79955233,100.0
3393154,100.0
32105546,100.0
6945872,100.0
65138308,100.0
137413348,100.0
32385599,100.0
91236679,100.0
265871263,100.0
95258574,100.0
65307264,100.0
31828387,100.0
71293834,100.0
49656436,100.0
46840169,100.0
79145866,100.0
282568410,100.0
37833877,100.0
16566120,100.0
52643873,100.0
99324716,100.0
20178800,100.0
56125081,100.0
127714519,100.0
46236168,100.0
66824881,100.0
62595595,100.0
101541680,100.0
31570779,100.0
263649966,100.0
1805870,100.0
84996056,100.0
33540279,100.0
60250125,100.0
73204318,100.0
36613354,100.0
12638707,100.0
103700414,100.0
251030591,100.0
65516367,100.0
52640176,100.0
38376662,100.0
585681,100.0
94822131,100.0
33636777,100.0
85398998,100.0
3646247,100.0
96878463,100.0
45120071,100.0
69477223,100.0
50415352,100.0
106690794,100.0
12563396,100.0
96194897,100.0
30281110,100.0
264443303,100.0
48725905,100.0
128227683,100.0
41256433,100.0
3164406,100.0
76244410,100.0
32210763,100.0
81690443,100.0
78924530,100.0
64372019,100.0
48045376,100.0
56662891,100.0
58897666,100.0
71274096,100.0
77825688,100.0
48233538,100.0
102074610,100.0
53100462,100.0
67441046,100.0
33262123,100.0
57680469,100.0
85756151,100.0
2727148,100.0
41008580,100.0
3752732,100.0
45463768,100.0
10928684,100.0
52155723,100.0
44752381,100.0
62008324,100.0
31205535,100.0
100735310,100.0
44389125,100.0
261021460,100.0
124452016,100.0
64757002,100.0
260520209,100.0
9766078,100.0
109716886,100.0
45541533,100.0
101405130,100.0
62312861,100.0
107744458,100.0
17430752,100.0
70331307,100.0
43872953,100.0
10377434,100.0
116245341,100.0
78608087,100.0
39838092,100.0
49808180,100.0
56508457,100.0
3872004,100.0
17538539,100.0
37965737,100.0
115630464,100.0
42286993,100.0
44445760,100.0
54908415,100.0
91364674,100.0
51352539,100.0
56047081,100.0
107368629,100.0
20823234,100.0
44075116,100.0
30019774,100.0
37452990,100.0
48349982,100.0
67846488,100.0
74228089,100.0
109672292,100.0
68262757,100.0
58739365,100.0
9212713,100.0
38261133,100.0
127649051,100.0
67382478,100.0
80872485,100.0
52518769,100.0
52862667,100.0
255163043,100.0
52660529,100.0
61855814,100.0
99619391,100.0
9231670,100.0
45667220,100.0
3015593,100.0
95504853,100.0
53344289,100.0
3653229,100.0
33529933,100.0
16594172,100.0
32142415,100.0
68232733,100.0
73064,100.0
10120077,100.0
82662324,100.0
86563315,100.0
106486025,100.0
103127712,100.0
61360857,100.0
8801612,100.0
29383292,100.0
81780492,100.0
35484104,100.0
60253933,100.0
66105614,100.0
61388706,100.0
123025887,100.0
70055493,100.0
52206310,100.0
16214639,100.0
92634684,100.0
66448338,100.0
124672421,100.0
48909917,100.0
103284327,100.0
92726045,100.0
9072896,100.0
89589413,100.0
33311647,100.0
86434206,100.0
281807268,100.0
111769377,100.0
71337956,100.0
269606214,100.0
54054550,100.0
9587097,100.0
35290977,100.0
14148405,100.0
52840659,100.0
58116011,100.0
39027040,100.0
75485913,100.0
122773335,100.0
50240053,100.0
284376757,100.0
81899101,100.0
1264292,100.0
118967912,100.0
101850568,100.0
52570689,100.0
74037784,100.0
42242236,100.0
17752531,100.0
121734442,100.0
32312439,100.0
279459230,100.0
6026830,100.0
14577941,100.0
3133558,100.0
61553207,100.0
88994006,100.0
246410039,100.0
45197452,100.0
267273203,100.0
52495549,100.0
81974456,100.0
90742666,100.0
88673258,100.0
58013012,100.0
97091327,100.0
40767906,100.0
45457060,100.0
77698758,100.0
251024472,100.0
57269654,100.0
1520483,100.0
31482233,100.0
31382556,100.0
103585748,100.0
40908793,100.0
2976248,100.0
18621557,100.0
61313789,100.0
40900228,100.0
86578659,100.0
18172501,100.0
19380974,100.0
276451478,100.0
3431066,100.0
123627343,100.0
2662842,100.0
1465539,100.0
48147546,100.0
72121979,100.0
54270376,100.0
105563089,100.0
3047628,100.0
181404,100.0
58468259,100.0
29631134,100.0
44113503,100.0
11740486,100.0
107917955,100.0
86412385,100.0
133302183,100.0
76385137,100.0
86323887,100.0
103405997,100.0
77487221,100.0
39691799,100.0
78054480,100.0
64183078,100.0
91264805,100.0
104934826,100.0
41854566,100.0
69683937,100.0
109674814,100.0
7682350,100.0
10726290,100.0
2459023,100.0
51324308,100.0
261822855,100.0
6328286,100.0
2624117,100.0
74442964,100.0
19371521,100.0
416802,100.0
30805928,100.0
247925049,100.0
88986150,100.0
49166064,100.0
282335281,100.0
57234316,100.0
33125671,100.0
84965479,100.0
75446123,100.0
29788767,100.0
101805028,100.0
13621775,100.0
55249261,100.0
77039310,100.0
86409896,100.0
119078779,100.0
66680350,100.0
77511558,100.0
32519488,100.0
75998153,100.0
90043464,100.0
117966276,100.0
58831252,100.0
73363717,100.0
35514399,100.0
34482485,100.0
31304500,100.0
99776101,100.0
265857174,100.0
75882621,100.0
126786789,100.0
56964922,100.0
9911590,100.0
48403523,100.0
90309878,100.0
277648200,100.0
10758991,100.0
48882198,100.0
30081061,100.0
14213749,100.0
83973979,100.0
119924384,100.0
49797876,100.0
17627297,100.0
46100970,100.0
116976278,100.0
41442865,100.0
76191796,100.0
88663371,100.0
2698257,100.0
58699920,100.0
114051032,100.0
50783290,100.0
34873591,100.0
60130987,100.0
84303561,100.0
68364026,100.0
65402367,100.0
2377849,100.0
52598458,100.0
53788498,100.0
47742548,100.0
16387273,100.0
37562391,100.0
280279820,100.0
110891846,100.0
100685113,100.0
75012986,100.0
99134591,100.0
94647893,100.0
136058997,100.0
100706845,100.0
49636411,100.0
16686575,100.0
247212596,100.0
41006848,100.0
40171866,100.0
50988024,100.0
20406490,100.0
84147869,100.0
46740621,100.0
29471292,100.0
9113723,100.0
37198354,100.0
61218225,100.0
50213317,100.0
122768396,100.0
13080026,100.0
44145036,100.0
90126547,100.0
91383971,100.0
59362746,100.0
45403277,100.0
6738515,100.0
18517085,100.0
8068227,100.0
31439305,100.0
91075512,100.0
63985829,100.0
47171867,100.0
82572758,100.0
59941719,100.0
90361260,100.0
42924780,100.0
129499261,100.0
18774706,100.0
36458308,100.0
58879262,100.0
92996339,100.0
40857741,100.0
46542128,100.0
19826282,100.0
1187409,100.0
1694464,100.0
110192552,100.0
109024135,100.0
250810984,100.0
273446095,100.0
66300819,100.0
39022921,100.0
74109841,100.0
19336866,100.0
79004562,100.0
78308059,100.0
1697256,100.0
92464025,100.0
68599820,100.0
114368433,100.0
2957695,100.0
58514189,100.0
78700833,100.0
110402741,100.0
50198622,100.0
91692487,100.0
24619769,100.0
16036530,100.0
272544106,100.0
11372388,100.0
9990293,100.0
41304368,100.0
65396997,100.0
99178482,100.0
58098668,100.0
42319221,100.0
96405558,100.0
52732386,100.0
70662795,100.0
99075457,100.0
47402119,100.0
113242562,100.0
54977668,100.0
78775428,100.0
42378921,100.0
60125836,100.0
2198975,100.0
51269694,100.0
15355939,100.0
40255511,100.0
63527388,100.0
110181984,100.0
39990677,100.0
53533951,100.0
104172280,100.0
37660688,100.0
106728214,100.0
99389971,100.0
424276,100.0
266962209,100.0
40646526,100.0
55499599,100.0
63027392,100.0
35003883,100.0
76417402,100.0
98553042,100.0
118756015,100.0
73845411,100.0
40220449,100.0
3617879,100.0
18344607,100.0
1967253,100.0
70389541,100.0
20165935,100.0
49466944,100.0
108032150,100.0
248372346,100.0
121745130,100.0
14192072,100.0
66962617,100.0
130826063,100.0
97876879,100.0
9939369,100.0
134301498,100.0
34775175,100.0
95574026,100.0
6619103,100.0
96741909,100.0
116322697,100.0
20330410,100.0
130485959,100.0
98024546,100.0
72129466,100.0
136991351,100.0
101265939,100.0
73825070,100.0
16237003,100.0
88994985,100.0
103190000,100.0
66209463,100.0
268002206,100.0
90923970,100.0
26167337,100.0
76473854,100.0
42566407,100.0
2732104,100.0
38261302,100.0
52945693,100.0
77745206,100.0
44746576,100.0
44661050,100.0
40369636,100.0
90302115,100.0
122923508,100.0
64648235,100.0
64786414,100.0
118308796,100.0
89997741,100.0
71950331,100.0
112043250,100.0
31575506,100.0
38743308,100.0
51313483,100.0
30543356,100.0
97711041,100.0
120351541,100.0
74465531,100.0
87165287,100.0
76338091,100.0
87890187,100.0
93232031,100.0
10450462,100.0
38228134,100.0
88755836,100.0
1439227,100.0
128432279,100.0
50985013,100.0
130570177,100.0
56845078,100.0
17432089,100.0
47038676,100.0
53345471,100.0
257364871,100.0
84545480,100.0
86254737,100.0
106880898,100.0
16616759,100.0
55883544,100.0
48441651,100.0
69627432,100.0
108939005,100.0
74147838,100.0
20180213,100.0
5864375,100.0
36921286,100.0
286573966,100.0
79312013,100.0
87309370,100.0
85910184,100.0
52393637,100.0
63260350,100.0
256488602,100.0
32008144,100.0
78670878,100.0
42112266,100.0
16460928,100.0
39328352,100.0
70504822,100.0
12737540,100.0
56675886,100.0
54621843,100.0
47863281,100.0
249195357,100.0
115123794,100.0
113535281,100.0
101856090,100.0
104036226,100.0
2946358,100.0
63435113,100.0
39357529,100.0
65149823,100.0
61978699,100.0
37670806,100.0
74780987,100.0
96816097,100.0
101410453,100.0
41365328,100.0
65319668,100.0
102672804,100.0
77737373,100.0
56868586,100.0
51753497,100.0
32774784,100.0
65336368,100.0
37011956,100.0
123461036,100.0
74705278,100.0
1157491,100.0
106023272,100.0
62680867,100.0
3595232,100.0
46330011,100.0
136472055,100.0
117480664,100.0
51118926,100.0
81216161,100.0
17782904,100.0
249455473,100.0
103494958,100.0
53703618,100.0
102315324,100.0
111080728,100.0
712046,100.0
66875654,100.0
81818469,100.0
74320085,100.0
18257693,100.0
42195424,100.0
38258872,100.0
62569462,100.0
62148622,100.0
83782000,100.0
35664336,100.0
103865833,100.0
33743706,100.0
57878296,100.0
104862076,100.0
107218251,100.0
98643605,100.0
62196508,100.0
283481150,100.0
19148662,100.0
39672542,100.0
7791474,100.0
107892153,100.0
40625262,100.0
92470145,100.0
111636005,100.0
80997345,100.0
2533492,100.0
49290400,100.0
33680593,100.0
41062858,100.0
72610277,100.0
75867808,100.0
50764108,100.0
61575554,100.0
46438202,100.0
46636594,100.0
107672019,100.0
34449886,100.0
107247404,100.0
16352278,100.0
78488419,100.0
34769251,100.0
127065355,100.0
133898524,100.0
32843549,100.0
93956759,100.0
13825849,100.0
70222510,100.0
132447941,100.0
49517028,100.0
34594158,100.0
102921116,100.0
32080940,100.0
48564050,100.0
32348241,100.0
18958132,100.0
106778360,100.0
41691293,100.0
11413085,100.0
64054257,100.0
13920055,100.0
52890612,100.0
264255405,100.0
62860256,100.0
77998067,100.0
46649577,100.0
65777837,100.0
81745356,100.0
93287940,100.0
108503305,100.0
74292225,100.0
8737456,100.0
56335733,100.0
89928225,100.0
96721928,100.0
72896122,100.0
99267766,100.0
119791952,100.0
43059466,100.0
39184107,100.0
75971094,100.0
50598042,100.0
72042032,100.0
49910660,100.0
47360420,100.0
19844690,100.0
97130867,100.0
101430610,100.0
115559847,100.0
35434174,100.0
16220363,100.0
127209041,100.0
76219842,100.0
78346436,100.0
105599898,100.0
9407781,100.0
10870553,100.0
74505827,100.0
87252303,100.0
33692574,100.0
38220415,100.0
105910372,100.0
65010437,100.0
59034822,100.0
47366418,100.0
70436671,100.0
53565345,100.0
70306666,100.0
2700009,100.0
97705042,100.0
49146957,100.0
45826982,100.0
102867231,100.0
6314509,100.0
9986870,100.0
110360580,100.0
62420204,100.0
129147858,100.0
55994098,100.0
64093845,100.0
121181684,100.0
103123320,100.0
51631897,100.0
246690207,100.0
109892186,100.0
33180148,100.0
31819152,100.0
115510802,100.0
101014003,100.0
46080167,100.0
79259235,100.0
3353800,100.0
12467067,100.0
66200271,100.0
98572182,100.0
82345516,100.0
123745153,100.0
7439337,100.0
79963408,100.0
104852947,100.0
105327225,100.0
51984780,100.0
123414034,100.0
116164202,100.0
83767738,100.0
70943380,100.0
44975970,100.0
60633912,100.0
74685696,100.0
65205103,100.0
54232821,100.0
19289031,100.0
104345034,100.0
5242000,100.0
7299395,100.0
41209127,100.0
97543200,100.0
75604973,100.0
88886959,100.0
93847787,100.0
35907533,100.0
77126961,100.0
71351897,100.0
111214706,100.0
67660038,100.0
17748334,100.0
102104123,100.0
61657461,100.0
127835296,100.0
273295976,100.0
59886719,100.0
107087094,100.0
49654118,100.0
103772588,100.0
46445915,100.0
34607378,100.0
70812251,100.0
81935345,100.0
79399343,100.0
53592486,100.0
87592534,100.0
93058614,100.0
101551657,100.0
109652163,100.0
55422532,100.0
34144390,100.0
81469071,100.0
107811938,100.0
92383748,100.0
44803716,100.0
96041520,100.0
50697677,100.0
3702501,100.0
111494898,100.0
127703220,100.0
47771508,100.0
68834422,100.0
39772065,100.0
72370419,100.0
41345218,100.0
6069209,100.0
35206971,100.0
72576851,100.0
110424222,100.0
258652856,100.0
266651911,100.0
59693056,100.0
89558483,100.0
62010630,100.0
800742,100.0
77499297,100.0
68530589,100.0
50048046,100.0
268724026,100.0
33605820,100.0
55103202,100.0
17913646,100.0
37069087,100.0
71945264,100.0
85003070,100.0
1043402,100.0
38029020,100.0
32962888,100.0
39293640,100.0
37415159,100.0
32849878,100.0
48480542,100.0
60836171,100.0
42691309,100.0
57762072,100.0
85285891,100.0
34631709,100.0
34512217,100.0
17684416,100.0
2799080,100.0
63419411,100.0
106567117,100.0
69475312,100.0
78560412,100.0
120051807,100.0
98500710,100.0
52109122,100.0
17812550,100.0
104896269,100.0
42637634,100.0
47843153,100.0
106735217,100.0
67249310,100.0
49483573,100.0
657536,100.0
87253194,100.0
84050429,100.0
106685696,100.0
111092431,100.0
99158247,100.0
44226418,100.0
40854479,100.0
101143648,100.0
77297574,100.0
119159323,100.0
50075240,100.0
262793935,100.0
55893527,100.0
76625648,100.0
31003695,100.0
96552674,100.0
48695416,100.0
33917914,100.0
107129638,100.0
134644645,100.0
781819,100.0
44970118,100.0
44814767,100.0
46867854,100.0
54291749,100.0
10041022,100.0
32741962,100.0
6840072,100.0
49351432,100.0
783799,100.0
49713655,100.0
3557689,100.0
42357166,100.0
35955991,100.0
30971969,100.0
59718513,100.0
104554598,100.0
67178563,100.0
53688180,100.0
103008025,100.0
17522554,100.0
54908441,100.0
54054325,100.0
96404479,100.0
65077065,100.0
2756710,100.0
77274870,100.0
104543637,100.0
40193690,100.0
32400554,100.0
41778427,100.0
97650015,100.0
80250368,100.0
98092545,100.0
34595397,100.0
61642149,100.0
67258037,100.0
75553406,100.0
6693591,100.0
95977964,100.0
98581839,100.0
56570284,100.0
5762807,100.0
54344715,100.0
96775771,100.0
36746115,100.0
32632080,100.0
53606319,100.0
46764879,100.0
70250432,100.0
124250060,100.0
81190748,100.0
128116830,100.0
106815310,100.0
74938824,100.0
56189680,100.0
251075565,100.0
52168239,100.0
68577598,100.0
90104860,100.0
37323434,100.0
90147926,100.0
33024900,100.0
92381649,100.0
102899100,100.0
50635483,100.0
98426211,100.0
90196675,100.0
59303076,100.0
86552536,100.0
76102177,100.0
69877205,100.0
19468483,100.0
17630418,100.0
117712312,100.0
80148471,100.0
34076644,100.0
104971732,100.0
91820817,100.0
16302432,100.0
7356820,100.0
108522771,100.0
41872022,100.0
3427365,100.0
121127369,100.0
104313203,100.0
35974106,100.0
100847947,100.0
19529244,100.0
47600418,100.0
94888296,100.0
251647367,100.0
6744352,100.0
33255865,100.0
65803123,100.0
94064601,100.0
87628203,100.0
70840834,100.0
86306115,100.0
7768389,100.0
49353596,100.0
49817896,100.0
40522314,100.0
57954926,100.0
16246268,100.0
47697867,100.0
3055535,100.0
52834039,100.0
44917963,100.0
125509096,100.0
86649475,100.0
50229571,100.0
42103463,100.0
1175206,100.0
7021487,100.0
85372496,100.0
7601128,100.0
91797947,100.0
50093169,100.0
68849005,100.0
67438653,100.0
33302224,100.0
82894104,100.0
51843900,100.0
105164645,100.0
133614114,100.0
75758451,100.0
5846840,100.0
61201678,100.0
101150371,100.0
36301614,100.0
69795143,100.0
76410833,100.0
128516732,100.0
83735158,100.0
67204369,100.0
36415117,100.0
14289979,100.0
57806873,100.0
50809522,100.0
17354775,100.0
32832881,100.0
34178162,100.0
15518900,100.0
65222982,100.0
82935135,100.0
90988447,100.0
127806131,100.0
9124935,100.0
84578239,100.0
34182160,100.0
88447864,100.0
108461278,100.0
58531252,100.0
120690263,100.0
62234725,100.0
52194822,100.0
61983421,100.0
115317135,100.0
108504265,100.0
41533830,100.0
60259428,100.0
3845769,100.0
42378927,100.0
46032792,100.0
55076184,100.0
112893035,100.0
47564336,100.0
53442654,100.0
73159809,100.0
62411870,100.0
8804763,100.0
90526407,100.0
41982204,100.0
3389098,100.0
137250,100.0
45845074,100.0
53088726,100.0
71225626,100.0
46028107,100.0
80412750,100.0
97407201,100.0
68979404,100.0
6013388,100.0
37322805,100.0
30496076,100.0
82268978,100.0
63772397,100.0
48127005,100.0
105044443,100.0
47567057,100.0
29790963,100.0
122703263,100.0
70324193,100.0
40750082,100.0
108270285,100.0
53715526,100.0
3162564,100.0
60726068,100.0
128069303,100.0
121654944,100.0
37813108,100.0
45471843,100.0
90763206,100.0
78707658,100.0
105338111,100.0
64842787,100.0
77054934,100.0
49940151,100.0
56729825,100.0
258976965,100.0
42551232,100.0
100341517,100.0
92059546,100.0
251115258,100.0
62223826,100.0
17848526,100.0
64657639,100.0
15366595,100.0
45672852,100.0
32742105,100.0
91783854,100.0
103384190,100.0
93234857,100.0
109052309,100.0
53623173,100.0
93736088,100.0
47355539,100.0
40488870,100.0
19279566,100.0
77357799,100.0
58602128,100.0
51062438,100.0
88540885,100.0
33532959,100.0
108590881,100.0
86786282,100.0
3845997,100.0
83791082,100.0
48164501,100.0
81741814,100.0
87847314,100.0
42558753,100.0
110320620,100.0
41315134,100.0
38774718,100.0
63854319,100.0
77202633,100.0
100685436,100.0
93058828,100.0
90240216,100.0
64437245,100.0
55777549,100.0
267166163,100.0
32986475,100.0
73540484,100.0
59538152,100.0
41436268,100.0
134288060,100.0
52795336,100.0
112299132,100.0
52896937,100.0
34157634,100.0
15373869,100.0
61165946,100.0
40133478,100.0
53949208,100.0
271499352,100.0
55338003,100.0
65961713,100.0
74683781,100.0
9817251,100.0
67075446,100.0
46050395,100.0
71141269,100.0
17461471,100.0
20161832,100.0
42961617,100.0
55607198,100.0
92489323,100.0
37865867,100.0
39829107,100.0
63733732,100.0
1856361,100.0
118416804,100.0
83946012,100.0
86723707,100.0
106946270,100.0
61452877,100.0
34371057,100.0
112550828,100.0
98657484,100.0
44590287,100.0
89387425,100.0
117248959,100.0
52471125,100.0
6032598,100.0
880557,100.0
57352661,100.0
37599501,100.0
39301148,100.0
63839182,100.0
50691318,100.0
54917452,100.0
112490172,100.0
82934260,100.0
80612980,100.0
3740786,100.0
79286974,100.0
93618092,100.0
30687686,100.0
46251030,100.0
85112625,100.0
128198371,100.0
40052249,100.0
39721880,100.0
52650581,100.0
1557014,100.0
46668527,100.0
71140340,100.0
6826313,100.0
97244692,100.0
36570272,100.0
106618761,100.0
52474992,100.0
106041434,100.0
78065567,100.0
63445805,100.0
3220850,100.0
39454126,100.0
58902510,100.0
111778279,100.0
82803596,100.0
30475801,100.0
38137400,100.0
65680771,100.0
127582896,100.0
48898635,100.0
65553359,100.0
1691194,100.0
42092014,100.0
76100600,100.0
90037744,100.0
69245885,100.0
65141102,100.0
98054523,100.0
79066181,100.0
45153406,100.0
59381494,100.0
38419137,100.0
19707696,100.0
86325433,100.0
52595978,100.0
44479210,100.0
10306023,100.0
68774922,100.0
78390010,100.0
17875096,100.0
83903958,100.0
131073379,100.0
74731821,100.0
53248108,100.0
74601014,100.0
112641463,100.0
53441903,100.0
33788264,100.0
56293126,100.0
7314155,100.0
96500238,100.0
66480439,100.0
90982603,100.0
47197213,100.0
85408307,100.0
45128200,100.0
117852244,100.0
15641482,100.0
36081204,100.0
73325270,100.0
71341327,100.0
2527717,100.0
56687636,100.0
97910719,100.0
90447088,100.0
83254918,100.0
35247982,100.0
916806,100.0
34542761,100.0
1053254,100.0
275428770,100.0
45334668,100.0
35331442,100.0
31622484,100.0
253524910,100.0
277819901,100.0
117051168,100.0
65481169,100.0
105427098,100.0
89837995,100.0
65487585,100.0
261677254,100.0
41832541,100.0
34418399,100.0
131406329,100.0
98898363,100.0
131099301,100.0
65070618,100.0
86219605,100.0
18218458,100.0
70271084,100.0
77783677,100.0
113065664,100.0
252521446,100.0
109492050,100.0
92701988,100.0
248628849,100.0
35561296,100.0
53237929,100.0
58593242,100.0
81517209,100.0
117902800,100.0
103743421,100.0
58158399,100.0
96780580,100.0
39687715,100.0
98728284,100.0
34479344,100.0
94787603,100.0
105713802,100.0
81163817,100.0
39318008,100.0
29795817,100.0
45908346,100.0
42775941,100.0
115961870,100.0
34571734,100.0
102393094,100.0
39723047,100.0
52350249,100.0
115996013,100.0
105639506,100.0
34116488,100.0
40453444,100.0
47801724,100.0
59412789,100.0
94222415,100.0
299215524,100.0
273734000,100.0
87784581,100.0
125932819,100.0
126163718,100.0
32675298,100.0
46768423,100.0
18103407,100.0
50265737,100.0
272284427,100.0
58564554,100.0
23380686,100.0
30763240,100.0
250557207,100.0
73644685,100.0
90704120,100.0
97424130,100.0
86625754,100.0
33885968,100.0
75735825,100.0
70544638,100.0
46831021,100.0
61134180,100.0
52515029,100.0
2755574,100.0
121331419,100.0
30407621,100.0
115909776,100.0
88181951,100.0
111605590,100.0
107308880,100.0
117806223,100.0
50230477,100.0
10154911,100.0
78959895,100.0
100917436,100.0
94081427,100.0
36684995,100.0
92702674,100.0
68337121,100.0
2720500,100.0
32121387,100.0
33247388,100.0
134893702,100.0
41181843,100.0
113002806,100.0
44258184,100.0
49352039,100.0
36477398,100.0
64514741,100.0
1190116,100.0
25613023,100.0
47242563,100.0
71963447,100.0
77132675,100.0
135061595,100.0
59278221,100.0
12223078,100.0
67649561,100.0
44012791,100.0
57712463,100.0
42591789,100.0
10552476,100.0
53295432,100.0
102994049,100.0
36123035,100.0
88322830,100.0
40928604,100.0
61637727,100.0
106575321,100.0
54061235,100.0
19944771,100.0
116496922,100.0
45439265,100.0
64714954,100.0
29745659,100.0
60026617,100.0
107967223,100.0
246378672,100.0
62265856,100.0
248440062,100.0
58497311,100.0
256905887,100.0
60846002,100.0
101122238,100.0
1236819,100.0
61369230,100.0
79892300,100.0
28913639,100.0
115881649,100.0
70570534,100.0
41853920,100.0
56158151,100.0
62488305,100.0
90113953,100.0
48644571,100.0
83806670,100.0
39845159,100.0
74706388,100.0
57736783,100.0
5992194,100.0
29495763,100.0
19785887,100.0
83750380,100.0
78398501,100.0
76360419,100.0
284074764,100.0
65302282,100.0
78815471,100.0
49848020,100.0
77068211,100.0
78396896,100.0
51556855,100.0
55239930,100.0
89921722,100.0
63938834,100.0
247369796,100.0
79029844,100.0
38686395,100.0
60930674,100.0
57627689,100.0
93155897,100.0
39422160,100.0
112419510,100.0
63344508,100.0
277037818,100.0
90333338,100.0
132018409,100.0
114345513,100.0
79267089,100.0
108925812,100.0
45709959,100.0
50217482,100.0
6718070,100.0
84489278,100.0
41364820,100.0
109127728,100.0
72283286,100.0
60555295,100.0
245898754,100.0
34464714,100.0
71017419,100.0
107475259,100.0
33870687,100.0
73975668,100.0
69723221,100.0
65756643,100.0
61593384,100.0
126505857,100.0
2935756,100.0
67614215,100.0
126111266,100.0
62582680,100.0
54131522,100.0
59496718,100.0
54521709,100.0
93944492,100.0
51902319,100.0
55109961,100.0
33417570,100.0
49053333,100.0
68588949,100.0
116752949,100.0
32124475,100.0
79893971,100.0
9586316,100.0
13951926,100.0
68842050,100.0
9356147,100.0
16025850,100.0
98315435,100.0
36418289,100.0
61566448,100.0
402279,100.0
98280307,100.0
29320759,100.0
1353205,100.0
59523359,100.0
29449129,100.0
95479459,100.0
58787428,100.0
3810084,100.0
51530305,100.0
98430207,100.0
497930,100.0
60958646,100.0
61490679,100.0
9552108,100.0
35923376,100.0
60946944,100.0
122296528,100.0
51172791,100.0
12876619,100.0
16424828,100.0
70511789,100.0
41115501,100.0
69763855,100.0
11838666,100.0
63001726,100.0
57845786,100.0
65889764,100.0
83232195,100.0
33098923,100.0
50763297,100.0
102152940,100.0
109265632,100.0
10568354,100.0
16704223,100.0
135399066,100.0
66596346,100.0
61488885,100.0
36318406,100.0
41522446,100.0
2690024,100.0
133411178,100.0
3737678,100.0
31694040,100.0
109117196,100.0
16082929,100.0
94602208,100.0
72765349,100.0
114784860,100.0
65530314,100.0
84626660,100.0
95184288,100.0
68602385,100.0
59441769,100.0
44340079,100.0
9092151,100.0
96645225,100.0
106305413,100.0
69671250,100.0
41846348,100.0
9599684,100.0
44927918,100.0
55084207,100.0
56036469,100.0
12217954,100.0
81044392,100.0
50301180,100.0
97385329,100.0
84153417,100.0
258807520,100.0
6839454,100.0
273055030,100.0
71209529,100.0
46731459,100.0
53503171,100.0
93661475,100.0
65784945,100.0
305707449,100.0
69074134,100.0
88042702,100.0
252728367,100.0
46298146,100.0
81299907,100.0
93108531,100.0
95799753,100.0
3038333,100.0
34767844,100.0
69841363,100.0
109945322,100.0
46510497,100.0
89784522,100.0
249662728,100.0
73803614,100.0
85081138,100.0
54961899,100.0
254164889,100.0
31867249,100.0
31358077,100.0
17717849,100.0
95014209,100.0
97259154,100.0
61193573,100.0
16663598,100.0
72284530,100.0
254523474,100.0
54353365,100.0
49882607,100.0
56769444,100.0
69418905,100.0
107289022,100.0
68417300,100.0
49041087,100.0
40744817,100.0
77190061,100.0
83657780,100.0
16875163,100.0
98979146,100.0
103779062,100.0
66378712,100.0
42979834,100.0
92120379,100.0
43287034,100.0
15670844,100.0
31548384,100.0
74039409,100.0
125708488,100.0
84212823,100.0
52601251,100.0
73590585,100.0
41576265,100.0
64932701,100.0
33079827,100.0
38428380,100.0
123591303,100.0
73636810,100.0
59314652,100.0
80370792,100.0
73459699,100.0
110698903,100.0
64180797,100.0
39956640,100.0
126038421,100.0
40109380,100.0
6942021,100.0
94654653,100.0
66361373,100.0
29400870,100.0
2636893,100.0
85756865,100.0
45407125,100.0
99502793,100.0
88266310,100.0
16238569,100.0
70080895,100.0
250146583,100.0
274041441,100.0
100466970,100.0
79208917,100.0
91273638,100.0
98007561,100.0
37198476,100.0
51722051,100.0
71842165,100.0
84066879,100.0
39261575,100.0
83931438,100.0
107380030,100.0
6352142,100.0
79245777,100.0
89478250,100.0
55215350,100.0
6757937,100.0
70598508,100.0
83700593,100.0
131480712,100.0
45652638,100.0
46200676,100.0
132699645,100.0
105824845,100.0
84752139,100.0
277302082,100.0
107195946,100.0
84067151,100.0
17543124,100.0
33269407,100.0
80295337,100.0
51495648,100.0
33778227,100.0
71673071,100.0
75748921,100.0
50008225,100.0
111481782,100.0
124457079,100.0
63613359,100.0
53019764,100.0
42178734,100.0
66342703,100.0
64047034,100.0
98407242,100.0
114565132,100.0
137135909,100.0
52454307,100.0
119690339,100.0
106390063,100.0
56661319,100.0
45659763,100.0
115442368,100.0
86809033,100.0
30556879,100.0
46039771,100.0
67441038,100.0
113015754,100.0
32970083,100.0
52090544,100.0
119743411,100.0
16306430,100.0
76437685,100.0
1408721,100.0
99216184,100.0
53316284,100.0
1557264,100.0
9400776,100.0
122444525,100.0
111089166,100.0
87236508,100.0
44334393,100.0
44310446,100.0
92490196,100.0
39463477,100.0
17869855,100.0
97294749,100.0
30512150,100.0
111081429,100.0
89539447,100.0
82787534,100.0
48917486,100.0
68946432,100.0
85359280,100.0
120685518,100.0
250828657,100.0
39139338,100.0
120221380,100.0
82255979,100.0
81747000,100.0
95357858,100.0
77505043,100.0
69103031,100.0
89196903,100.0
51549300,100.0
93840629,100.0
9158781,100.0
2867697,100.0
110094102,100.0
77780212,100.0
55976900,100.0
6841665,100.0
55222993,100.0
71105987,100.0
121376302,100.0
70346046,100.0
134325971,100.0
68261226,100.0
99353696,100.0
100675389,100.0
127703205,100.0
59422112,100.0
92006229,100.0
47225496,100.0
282981698,100.0
35209124,100.0
83906190,100.0
51349857,100.0
51366676,100.0
74575556,100.0
20450425,100.0
79085497,100.0
112978163,100.0
49247230,100.0
55171818,100.0
271803982,100.0
53017663,100.0
40155465,100.0
35317655,100.0
268443340,100.0
91016128,100.0
119744999,100.0
40025975,100.0
75489330,100.0
48960914,100.0
48156499,100.0
51588461,100.0
31871792,100.0
41927860,100.0
44350986,100.0
45303333,100.0
127295367,100.0
46035405,100.0
57387365,100.0
76975832,100.0
110418309,100.0
87046573,100.0
58958804,100.0
72185042,100.0
84320763,100.0
74469240,100.0
39483584,100.0
3333852,100.0
97455903,100.0
74349230,100.0
84553805,100.0
66167305,100.0
85062591,100.0
58844240,100.0
91339063,100.0
50753672,100.0
43214553,100.0
81342415,100.0
12599433,100.0
72613047,100.0
47829545,100.0
77144054,100.0
112261999,100.0
52763813,100.0
253334123,100.0
76565534,100.0
255703363,100.0
37592565,100.0
58230853,100.0
63144540,100.0
50919940,100.0
80846535,100.0
62652930,100.0
93274459,100.0
39692221,100.0
115980157,100.0
3867450,100.0
58248475,100.0
119711049,100.0
95524548,100.0
54008828,100.0
16268283,100.0
34494872,100.0
74580438,100.0
668737,100.0
45018794,100.0
33527347,100.0
75028260,100.0
133255512,100.0
107367321,100.0
135634755,100.0
290389207,100.0
88938539,100.0
55687310,100.0
69305079,100.0
67466906,100.0
83231096,100.0
59683005,100.0
46556368,100.0
41811538,100.0
80659106,100.0
134647944,100.0
46699807,100.0
252646676,100.0
61168043,100.0
59987355,100.0
63147338,100.0
87645380,100.0
58390973,100.0
57504560,100.0
61068245,100.0
79264802,100.0
30561810,100.0
64903730,100.0
45921050,100.0
465543,100.0
55806368,100.0
17857431,100.0
110098812,100.0
93312756,100.0
91235824,100.0
297129,100.0
63304794,100.0
108044932,100.0
254480891,100.0
35895906,100.0
52082318,100.0
73539719,100.0
3610314,100.0
72313289,100.0
284932627,100.0
81972045,100.0
68594776,100.0
72537536,100.0
6187476,100.0
35244646,100.0
17378017,100.0
75402892,100.0
60023351,100.0
18859049,100.0
50183022,100.0
249926375,100.0
59314901,100.0
994627,100.0
107161182,100.0
270294456,100.0
103091252,100.0
69591118,100.0
107251111,100.0
31530163,100.0
59622693,100.0
44327780,100.0
115590937,100.0
72690146,100.0
255806644,100.0
70827040,100.0
125866508,100.0
257788556,100.0
257661042,100.0
64006020,100.0
93603728,100.0
100189043,100.0
109865897,100.0
258217596,100.0
39157377,100.0
49449910,100.0
103723729,100.0
44718435,100.0
107272191,100.0
114897104,100.0
250066886,100.0
54362341,100.0
56077897,100.0
5783330,100.0
53254675,100.0
74224268,100.0
45318579,100.0
36001245,100.0
135439570,100.0
42587907,100.0
136804048,100.0
283519975,100.0
10344143,100.0
10810457,100.0
81726009,100.0
18244427,100.0
137206237,100.0
48783039,100.0
94357271,100.0
54581890,100.0
60547545,100.0
49435649,100.0
72517844,100.0
102418176,100.0
30870800,100.0
30358036,100.0
2893931,100.0
1308464,100.0
64709571,100.0
110752026,100.0
284004699,100.0
112750351,100.0
49699353,100.0
88941624,100.0
49011282,100.0
68726095,100.0
67236183,100.0
107544897,100.0
59512273,100.0
65279896,100.0
16714066,100.0
41618994,100.0
55545538,100.0
2062642,100.0
2547175,100.0
104407716,100.0
135273852,100.0
110625675,100.0
56889486,100.0
107426907,100.0
84086971,100.0
44327448,100.0
102272141,100.0
20050852,100.0
71345069,100.0
120699416,100.0
70728418,100.0
36155575,100.0
105844545,100.0
252968148,100.0
103370267,100.0
48971334,100.0
86438012,100.0
2430080,100.0
88659825,100.0
80820852,100.0
63587628,100.0
1081457,100.0
58006777,100.0
34930358,100.0
48167688,100.0
270283708,100.0
78828100,100.0
6801263,100.0
85672635,100.0
113174473,100.0
258720922,100.0
14017515,100.0
76568777,100.0
33227022,100.0
73722734,100.0
92834388,100.0
83470762,100.0
85836020,100.0
49246115,100.0
51454420,100.0
